644	644	1052	105	105	1133	105	1133	1133
374	374	1125	42	16	1131	16	1131	1131
779	779	1103	16	42	1125	196	1125	1125
253	253	1056	333	196	1132	42	1132	1052
261	261	1091	196	333	1103	333	1052	1132
294	294	1118	23	23	1052	3	1103	1103
955	955	897	3	3	1121	23	1129	1129
956	956	1099	41	41	1129	204	1121	1121
959	959	1119	204	204	1104	49	1104	1104
791	791	1064	49	49	1123	56	1123	1123
679	679	1130	332	56	1130	116	1128	1128
1071	1071	1121	21	21	1128	41	1130	1130
175	175	1120	56	116	1118	21	1118	1118
722	722	1122	116	332	758	128	758	1119
488	488	758	128	128	759	332	759	758
493	493	759	76	39	1119	206	1119	759
494	494	1072	354	354	1064	210	1099	1099
463	463	1104	46	54	1099	274	635	635
111	111	1131	52	76	635	201	1091	1091
685	685	1132	54	206	1091	39	1064	1064
424	424	1133	233	46	897	390	1127	1127
1012	1012	862	39	210	1072	205	897	897
1033	1033	1093	206	52	918	354	1072	1072
800	800	1115	378	274	1127	54	1056	1056
526	526	1085	210	201	1122	76	918	1122
913	913	1106	274	390	1056	46	1122	1126
763	763	1128	205	233	948	52	1126	948
964	964	635	201	205	949	40	948	949
966	966	1129	390	50	1126	214	949	918
1021	1021	805	50	378	1048	233	1048	1079
970	970	1028	299	40	1085	50	1079	1048
971	971	918	140	1	1120	378	1101	1101
830	830	867	40	299	1108	1	1108	1108
740	740	1126	134	140	1096	198	1120	1120
863	863	948	24	214	1115	194	1085	1085
583	583	949	135	135	1079	446	1096	1096
318	318	1127	1	24	1106	439	1115	1115
1040	1040	1123	396	45	1081	299	1081	1081
1042	1042	947	45	396	1082	140	1082	1082
1055	1055	1076	137	134	1083	45	1083	1083
35	35	832	214	198	1101	24	1065	1107
36	36	1108	434	194	1065	135	828	1065
37	37	997	355	439	805	396	1107	828
917	917	828	198	434	828	134	1106	1106
873	873	901	241	446	1028	218	805	805
876	876	1057	504	137	1018	434	1018	1018
1077	1077	1092	389	355	1107	327	1028	1028
550	550	1124	194	241	906	335	906	1049
1059	1059	1086	439	389	862	137	1049	906
1006	1006	1096	446	504	751	212	1102	1102
916	916	1048	143	218	1124	355	502	502
909	909	845	185	335	832	215	1092	1092
670	670	972	356	143	1102	241	751	751
852	852	973	58	327	1092	30	862	862
628	628	760	183	185	1049	9	1124	1080
1030	1030	502	19	80	502	80	1080	1124
1015	1015	850	316	9	997	213	832	832
1081	1081	1044	243	356	1109	389	1114	1114
1082	1082	1117	10	19	1110	504	997	997
1083	1083	1114	72	243	1111	361	1109	1044
690	690	1107	62	212	1114	143	1110	1057
934	934	1018	327	183	1095	185	1111	1109
977	977	1088	81	215	1088	216	1095	1110
1000	1000	1089	218	30	1089	10	1057	1111
1101	1101	843	80	58	717	19	1088	1094
667	667	575	335	10	1080	356	1089	1095
939	939	615	552	316	1057	243	1094	1088
785	785	1109	578	81	1094	219	1044	1089
856	856	1110	9	269	1093	183	717	1017
857	857	1111	212	13	1017	269	1017	717
858	858	906	269	62	867	13	1000	1040
789	789	751	215	213	732	207	998	1042
1074	1074	684	182	552	733	104	1040	1000
782	782	1113	13	381	1076	58	1042	998
803	803	1116	30	468	1029	31	867	628
804	804	637	381	182	684	468	628	867
516	516	991	468	219	1044	81	1029	1029
519	519	616	146	361	628	316	732	1058
1029	1029	618	219	146	1000	200	733	732
717	717	619	341	72	998	381	760	733
1116	1116	1094	31	216	760	552	1093	760
637	637	1102	393	31	1019	55	1058	1019
991	991	782	213	578	1113	289	1019	516
616	616	803	303	303	1058	303	516	519
618	618	804	14	104	516	62	519	1093
619	619	516	2	2	519	2	684	684
1094	1094	519	7	393	947	182	1076	1077
1102	1102	1029	216	51	972	51	1113	514
843	843	717	237	200	973	146	1077	1113
575	575	1090	51	207	845	578	947	947
615	615	1095	329	341	1117	393	972	972
1109	1109	789	361	7	1040	7	973	973
1110	1110	1074	573	289	1042	193	514	1076
1111	1111	768	200	55	1077	6	845	845
906	906	1049	120	329	1087	72	1117	1117
751	751	732	106	573	615	251	1087	1087
1044	1044	733	384	384	850	329	1051	1051
1117	1117	667	104	331	1051	331	1015	1015
1114	1114	939	331	150	1015	18	615	615
1107	1107	785	150	227	616	203	1066	1066
1018	1018	856	367	6	618	341	1084	1084
845	845	857	429	271	619	227	850	850
972	972	858	142	237	514	202	768	768
973	973	883	271	142	575	259	575	627
760	760	1065	207	18	1066	384	627	575
502	502	690	289	14	768	271	984	984
901	901	934	6	11	1086	573	616	1008
1057	1057	977	564	367	984	322	618	843
1092	1092	1000	4	193	843	14	619	994
1124	1124	1101	227	203	1084	85	843	616
947	947	1079	268	20	901	150	1086	618
1076	1076	1030	11	120	991	142	994	619
832	832	1015	726	106	627	11	991	1036
1108	1108	1081	410	44	683	237	842	880
867	867	1082	18	259	842	20	880	991
1126	1126	1083	55	251	909	44	1008	842
948	948	807	532	726	1063	293	1063	1090
949	949	683	20	410	880	263	1090	1086
1127	1127	998	57	4	637	401	674	1063
805	805	670	368	429	1074	284	909	674
1028	1028	852	588	268	1090	367	1059	1059
918	918	1058	193	74	674	420	1036	1021
1093	1093	628	74	284	994	410	1021	909
862	862	1075	44	202	1116	74	1004	1004
1115	1115	514	38	322	856	726	683	1097
1085	1085	1006	239	85	857	120	901	1116
1106	1106	916	147	532	858	107	1116	1047
1128	1128	1017	203	239	1059	429	1097	856
635	635	909	85	420	903	268	637	857
1129	1129	639	591	38	716	34	1047	858
1120	1120	989	94	368	873	84	856	903
1122	1122	550	259	84	876	4	857	683
758	758	1059	84	401	911	217	858	901
759	759	926	454	147	899	106	903	637
1072	1072	927	284	34	1047	176	1074	1105
1104	1104	1087	322	591	1097	38	716	911
1131	1131	674	401	263	1008	239	911	873
1132	1132	1051	420	293	1021	532	873	876
1056	1056	984	69	176	1075	368	876	999
1091	1091	873	34	107	883	321	1105	716
897	1118	876	452	588	1054	157	899	899
1118	897	1077	70	564	1016	147	999	1112
1099	1099	1031	176	94	785	291	1054	1016
1119	1119	1019	282	57	626	591	1016	1074
1064	1064	1063	251	25	939	25	626	626
1130	1130	1097	415	157	1004	472	883	1054
1121	1121	35	82	543	970	594	970	883
1052	1052	36	543	70	971	543	971	970
1125	1125	37	413	82	999	400	1112	971
1103	1103	880	202	217	1036	245	1075	1053
236	236	917	145	413	979	145	939	1025
247	247	1046	15	145	1105	197	1053	1027
394	394	1055	25	282	225	211	979	939
97	97	988	585	415	1053	413	1078	1075
713	713	342	152	321	934	725	1025	979
53	53	496	107	69	977	82	1027	1078
281	281	1040	467	452	754	127	225	1045
109	109	1042	724	15	803	70	785	225
292	292	799	590	454	804	94	754	754
777	777	226	263	152	989	503	934	969
813	813	994	725	291	670	152	1045	771
762	762	842	293	372	1046	15	969	967
478	478	863	756	725	931	372	967	934
815	815	583	157	585	969	588	670	931
655	655	318	730	756	690	415	931	670
180	180	899	372	724	561	22	771	785
536	536	835	321	245	852	756	561	561
961	961	823	217	590	967	282	989	989
993	993	841	255	730	1078	404	1046	496
249	249	830	27	255	1030	12	977	1046
570	570	225	542	467	841	724	690	690
631	631	740	466	594	782	27	496	977
537	537	1061	12	542	639	452	852	1041
1022	1022	1016	314	472	1025	730	1030	1030
866	866	865	59	12	1027	585	841	852
232	232	531	291	211	771	255	1041	841
814	814	1047	124	27	496	454	639	1022
801	801	716	245	22	988	590	526	1039
739	739	778	594	197	1112	364	803	526
151	151	913	267	400	927	222	804	823
727	727	763	660	503	740	57	1012	933
1025	1025	931	22	404	1012	542	823	1012
1027	1027	964	404	314	900	69	988	639
974	974	966	155	127	526	470	933	988
735	735	1021	211	466	865	698	1022	1037
681	681	970	386	386	916	386	925	609
826	826	971	571	470	925	314	1061	925
951	951	319	358	267	877	246	1039	1061
173	173	738	470	124	310	564	609	1060
797	797	776	112	59	1061	467	900	910
580	580	903	197	571	1031	437	910	900
839	839	530	503	246	823	466	1060	803
653	653	1080	127	254	933	267	877	804
577	577	911	254	358	682	780	310	310
820	820	1033	351	364	1045	254	1037	877
967	967	800	376	155	1060	571	740	740
969	969	526	339	112	609	79	1031	1031
544	544	627	460	698	667	545	865	1024
525	525	771	64	222	734	124	927	865
925	925	682	472	382	910	642	782	734
1008	1008	613	698	545	1014	382	682	927
673	673	424	400	371	531	358	734	682
665	665	1012	66	133	530	133	1014	1023
1014	1014	449	246	340	1041	438	1024	1014
933	933	1100	568	351	1055	208	525	525
877	877	1060	382	660	917	695	1023	782
999	999	463	340	383	550	383	531	530
626	626	111	545	339	1022	59	530	531
345	345	685	222	66	525	371	916	1062
449	449	345	133	392	342	650	1062	1055
1100	1100	488	554	780	1037	112	1055	871
1060	1060	493	371	276	685	155	1005	1005
682	682	494	364	191	789	340	667	1073
319	319	754	238	64	613	305	871	916
738	738	877	362	437	964	199	1073	605
776	776	999	383	305	966	392	685	685
530	530	626	392	362	1039	276	924	924
911	911	722	344	79	175	43	550	665
531	531	979	191	568	924	648	964	964
1047	1047	900	775	240	1024	191	966	966
716	716	1054	276	438	778	336	613	613
1061	1061	933	73	376	665	399	605	667
1016	1016	175	240	642	1062	351	665	550
835	835	673	305	344	1100	240	1011	1011
823	823	665	131	399	345	362	342	1043
841	841	1014	117	208	1073	339	1100	1100
799	799	469	780	43	1003	775	1003	1003
226	226	990	409	238	807	385	175	342
994	994	1071	385	431	1011	148	963	963
842	842	544	431	775	738	66	345	498
342	342	525	729	409	1023	317	498	345
496	496	925	549	695	963	28	653	653
1046	1046	1008	399	385	871	431	917	907
1031	1031	679	287	650	653	338	778	175
1063	1063	1036	43	199	35	325	907	738
926	926	577	148	729	36	729	738	778
927	927	837	338	338	37	409	1043	1098
674	674	820	438	148	1005	344	789	917
1051	1051	967	199	117	605	660	807	789
984	984	969	788	73	498	414	968	807
639	639	686	28	28	1071	641	820	968
1075	1075	791	208	788	776	568	1071	820
514	514	102	79	336	820	788	774	774
807	807	1073	489	460	800	228	1098	1071
683	683	653	642	228	226	376	763	951
998	998	1084	228	648	763	649	935	763
1079	1079	309	437	131	1033	73	35	935
883	883	955	373	554	990	387	36	950
1065	1065	1011	695	230	774	337	37	1020
768	768	956	90	387	935	117	951	755
1049	1049	959	230	373	968	250	992	992
732	732	587	687	414	907	64	990	928
733	733	580	650	287	102	238	776	1013
1090	1090	882	387	337	992	584	755	35
1095	1095	839	71	250	818	363	950	36
684	684	560	336	649	881	230	881	37
1113	1113	302	235	489	882	48	818	881
1088	1088	1053	584	317	913	373	102	942
1089	1089	1066	414	325	1068	162	1013	990
850	850	963	189	641	173	287	226	913
1086	1086	854	250	235	111	592	913	818
1096	1096	620	649	549	488	129	928	102
1048	1048	450	168	48	493	131	942	776
997	997	294	457	886	494	221	752	941
828	828	797	337	888	318	489	1033	752
1123	1123	609	648	584	752	888	941	226
1133	1133	253	886	71	837	886	488	488
123	123	261	888	270	980	130	493	493
283	283	310	270	231	830	192	494	494
524	524	825	231	884	941	270	1068	837
534	534	818	884	687	942	101	837	1068
473	473	951	313	457	544	77	882	1033
272	272	173	68	162	951	88	1020	980
708	708	589	308	363	755	235	980	882
678	678	881	892	168	583	231	173	544
651	651	935	443	892	1013	47	544	923
229	229	1003	412	189	950	884	800	173
442	442	764	48	885	898	307	923	830
652	652	734	885	412	302	892	830	898
177	177	681	562	592	764	599	898	764
159	159	826	162	149	928	885	111	111
914	914	974	149	101	835	328	764	800
436	436	160	317	887	923	457	302	302
428	428	774	592	443	319	554	839	839
676	676	735	325	313	839	412	583	703
921	921	304	86	90	926	71	703	919
448	448	714	641	192	799	460	318	537
32	32	919	248	248	449	149	919	1038
938	938	498	363	130	956	687	956	956
539	539	871	113	86	959	887	959	959
171	171	1025	887	221	160	168	160	529
26	26	1027	101	129	1043	248	718	875
288	288	779	153	308	703	786	875	160
986	986	547	654	47	450	443	529	583
139	139	898	122	88	919	189	1070	718
492	492	151	65	68	673	549	673	522
1002	1002	727	711	77	987	313	537	1070
154	154	773	192	113	1006	324	449	673
796	796	924	407	153	718	86	835	318
798	798	739	125	562	1098	308	1038	449
978	978	941	334	407	529	407	450	450
535	535	374	483	307	424	33	522	835
829	829	766	221	122	1070	153	825	825
943	943	1024	130	599	875	184	987	478
879	879	232	353	334	294	113	319	1007
937	937	814	88	257	1020	505	926	878
944	944	801	484	353	825	220	878	1035
461	461	915	426	505	854	257	854	904
975	975	980	257	328	537	122	904	854
60	60	1037	186	711	773	334	799	533
597	597	950	691	33	620	416	1007	987
548	548	406	495	125	714	5	478	664
582	582	1068	709	184	904	92	294	926
664	664	794	505	416	722	300	424	847
100	100	561	275	691	98	353	773	319
982	982	576	184	275	878	209	714	722
126	126	703	677	300	560	691	98	714
787	787	605	300	426	576	647	664	98
1013	1013	866	416	786	100	711	722	424
864	864	1062	129	186	686	677	533	773
928	928	864	33	633	522	125	100	634
794	794	942	599	677	309	78	634	482
576	576	987	47	78	1038	275	1035	294
703	703	928	458	5	664	90	1006	100
605	605	579	633	654	728	441	847	799
915	915	749	78	324	735	68	576	536
766	766	636	444	444	589	633	309	309
1024	1024	1013	77	369	864	186	482	1002
547	547	1041	662	495	1032	562	536	864
898	898	787	481	662	1007	108	1002	597
304	304	631	5	330	634	692	864	610
714	714	1112	501	187	580	444	620	576
919	919	537	330	108	636	380	597	589
589	589	1022	598	220	766	518	589	1006
764	764	982	352	65	547	435	728	1034
734	734	126	786	380	879	426	1032	728
854	854	1045	328	92	478	187	1034	497
620	620	844	307	441	597	330	735	735
450	450	570	369	501	536	369	610	620
560	560	100	187	692	548	8	686	1032
302	302	326	500	458	533	501	548	548
309	309	993	324	484	739	87	844	844
1011	1011	249	110	110	1002	662	879	608
686	686	582	108	209	806	596	636	636
102	102	664	518	647	844	365	766	686
1073	1073	752	441	518	974	495	560	1009
1036	1036	960	380	87	406	388	608	879
469	469	961	692	709	863	110	497	766
613	613	461	743	743	866	91	1009	739
627	627	975	91	352	1034	654	739	655
778	778	60	161	388	814	458	655	630
931	931	597	92	91	1009	402	1069	1069
865	865	548	346	365	304	743	806	1026
225	225	536	280	161	463	643	974	560
899	899	98	430	402	655	161	580	406
1097	1097	992	188	8	608	280	406	974
880	880	180	365	481	469	586	630	866
989	989	923	586	280	801	398	866	985
1017	1017	810	388	586	610	895	547	517
1058	1058	655	87	435	955	265	814	580
262	262	937	513	346	180	346	517	806
266	266	944	220	598	587	425	985	814
893	893	728	507	895	847	890	631	631
646	646	144	181	500	631	260	490	490
645	645	755	425	483	797	397	1026	822
781	781	815	402	398	826	181	822	499
827	827	878	663	181	517	705	304	547
474	474	829	895	890	482	360	689	872
720	720	943	890	425	985	352	180	535
922	922	879	647	705	577	65	587	689
790	790	1023	455	596	1069	391	872	587
905	905	978	67	397	630	190	860	539
295	295	535	209	260	490	141	463	304
138	138	529	115	430	689	119	499	860
666	666	718	705	119	582	377	535	180
831	831	851	391	391	731	349	955	855
366	366	490	485	455	860	709	855	762
630	630	1078	119	190	1035	484	539	463
522	522	478	8	377	497	598	762	955
465	465	640	398	663	171	103	826	826
440	440	1004	397	188	727	593	731	727
930	930	798	427	265	822	115	727	731
965	965	968	190	115	326	403	863	621
421	421	753	93	349	535	500	621	1010
1032	1032	904	487	643	872	481	582	929
1007	1007	762	165	67	855	75	171	570
242	242	802	349	513	539	781	801	961
1010	1010	154	377	141	762	569	570	582
929	929	796	435	507	232	663	1010	171
556	556	139	569	569	570	455	929	232
753	753	1034	512	279	961	67	469	863
851	851	492	260	403	982	792	961	944
490	490	1002	278	167	929	279	232	902
878	878	813	279	75	679	474	577	60
810	810	556	769	278	902	430	902	982
960	960	1105	475	165	499	258	982	1001
844	844	1039	464	306	960	306	944	952
1041	1041	875	603	512	126	188	60	869
579	579	731	447	445	253	645	960	960
749	749	929	656	103	261	167	1001	469
1062	1062	288	167	485	944	784	797	801
406	406	986	141	163	1010	629	952	546
1068	1068	1050	403	427	60	357	546	577
941	941	26	265	93	350	473	932	623
773	773	1010	306	656	151	512	350	932
871	871	1009	75	487	753	558	151	996
160	160	689	445	464	932	783	623	350
774	774	539	418	360	621	646	1050	151
825	825	777	596	558	681	680	527	527
818	818	171	163	784	1001	132	1067	1050
609	609	846	607	357	546	445	753	1067
963	963	242	945	418	1050	286	326	753
587	587	644	784	769	1026	163	869	797
882	882	350	558	945	791	165	126	509
1084	1084	938	643	603	556	252	943	943
837	837	853	121	475	579	513	996	126
900	900	292	486	593	527	262	556	556
1054	1054	806	256	132	943	507	509	506
754	754	1007	565	256	374	278	937	853
771	771	910	357	748	749	859	853	937
903	903	32	132	262	937	945	815	326
1080	1080	421	748	166	815	464	975	815
988	988	1032	694	607	975	256	846	846
1019	1019	921	744	286	952	411	253	975
1087	1087	448	166	859	846	93	261	461
174	174	617	29	121	787	166	461	817
747	747	440	555	447	461	418	506	374
453	453	930	891	411	623	277	579	492
606	606	965	63	792	794	483	374	669
520	520	109	103	767	1067	767	679	253
99	99	855	859	252	853	83	817	261
273	273	53	297	781	817	893	749	579
170	170	669	456	277	492	29	492	749
680	680	281	411	29	144	748	669	757
625	625	1038	563	744	795	121	993	528
258	258	985	277	565	993	595	681	993
405	405	465	767	83	915	656	851	679
360	360	97	286	629	669	920	242	851
375	375	713	707	891	851	427	528	772
838	838	630	510	456	242	744	829	242
574	574	522	234	680	249	891	712	808
624	624	320	538	645	810	236	144	829
359	359	676	745	893	829	456	757	511
946	946	952	593	258	509	769	795	712
874	874	436	995	783	712	603	810	986
95	95	428	896	707	965	485	787	624
672	672	366	870	474	936	696	772	868
566	566	601	252	920	986	574	986	652
511	511	1070	833	297	421	297	791	622
702	702	159	290	646	506	136	624	144
379	379	914	83	563	869	707	808	810
723	723	936	136	234	912	234	511	681
533	533	817	262	694	295	123	936	936
343	343	932	920	538	996	745	622	940
712	712	177	360	473	528	272	652	795
719	719	902	629	745	779	565	421	708
1020	1020	962	792	63	624	563	794	421
559	559	812	347	555	840	487	965	787
962	962	652	750	595	940	750	940	508
812	812	442	893	896	652	896	295	295
932	932	138	836	136	292	475	868	840
936	936	666	783	750	622	607	708	965
817	817	737	781	290	813	555	912	491
1070	1070	831	476	510	617	678	840	791
952	952	497	848	870	978	694	249	912
985	985	559	680	833	708	323	96	96
617	617	907	61	836	96	538	508	477
689	689	370	422	347	559	433	491	821
875	875	546	595	486	834	447	821	794
1034	1034	719	285	236	938	651	834	249
802	802	872	765	433	930	836	978	978
640	640	229	523	715	320	195	813	813
968	968	795	715	423	177	395	292	834
529	529	1020	747	123	109	672	559	930
718	718	482	480	658	772	290	930	559
1023	1023	712	849	574	821	63	915	938
728	728	343	983	747	511	688	938	292
755	755	651	809	395	611	658	611	611
923	923	608	433	983	808	833	477	914
98	98	517	706	688	139	581	177	962
752	752	527	658	958	737	423	675	675
1045	1045	295	315	272	701	676	914	602
636	636	634	423	195	798	747	962	770
987	987	822	824	422	962	17	602	849
942	942	114	395	696	288	347	109	177
980	980	742	645	693	812	983	617	915
1037	1037	394	258	285	831	870	737	737
924	924	678	816	61	914	715	770	139
881	881	940	958	17	793	958	139	831
935	935	1001	646	323	448	343	831	701
1003	1003	247	453	809	675	697	701	874
310	310	860	693	315	370	693	874	109
1053	1053	723	671	476	602	244	812	812
1066	1066	701	195	540	491	436	779	479
990	990	1005	474	523	874	790	849	617
979	979	708	419	671	32	247	448	612
87	87	905	477	581	757	720	612	995
209	209	533	688	765	868	315	370	448
220	220	741	17	244	741	809	741	741
435	435	462	451	678	508	156	320	370
715	715	702	661	827	465	736	479	848
286	286	379	432	672	281	981	32	779
767	767	348	540	156	770	827	465	625
604	604	506	158	981	640	510	625	954
264	264	790	659	471	612	567	995	320
693	693	301	471	520	625	471	288	465
83	83	557	953	720	224	540	954	32
103	103	223	473	816	172	273	848	700
423	423	847	244	567	713	158	793	957
595	595	499	156	736	601	671	172	172
540	540	912	479	453	301	61	700	819
792	792	1098	520	651	114	118	798	301
178	178	672	757	158	614	520	224	224
551	551	600	981	995	700	394	301	288
169	169	954	604	659	761	405	819	824
688	688	566	312	266	954	777	281	614
704	704	511	123	480	229	266	114	946
541	541	614	264	661	946	283	614	114
156	156	473	657	706	976	861	957	281
172	172	272	323	264	921	523	761	761
296	296	95	957	273	477	164	713	229
811	811	622	574	298	802	298	946	793
1026	1026	721	827	953	908	408	229	704
179	179	236	736	405	557	442	704	713
736	736	696	521	604	819	285	824	798
567	567	922	696	174	704	366	976	541
623	623	621	567	419	95	422	541	534
861	861	359	581	451	534	644	908	976
772	772	761	89	311	179	661	534	908
581	581	946	236	164	796	311	811	811
515	515	874	298	697	811	296	179	95
821	821	976	746	283	849	765	95	179
696	696	710	408	247	159	659	557	557
621	621	1043	632	408	719	375	921	486
721	721	474	720	432	699	174	640	921
223	223	720	672	296	440	178	524	524
557	557	624	311	676	479	99	922	922
301	301	574	266	657	379	453	719	719
462	462	821	612	99	922	312	838	606
741	741	840	164	312	541	451	159	838
742	742	581	405	848	524	264	601	159
114	114	534	174	861	26	816	606	379
608	608	515	99	343	742	721	379	419
482	482	602	553	394	838	905	889	428
370	370	375	296	375	97	553	428	889
546	546	838	169	118	889	657	486	640
737	737	611	459	824	957	604	668	480
497	497	861	272	178	223	476	419	668
601	601	793	697	169	53	169	742	723
320	320	772	273	746	668	953	170	601
669	669	827	551	632	848	746	702	417
1038	1038	699	178	790	428	600	480	170
806	806	834	508	553	702	462	417	702
910	910	623	118	89	606	638	723	138
846	846	360	868	521	723	432	138	515
1050	1050	781	283	436	154	706	97	89
1039	1039	770	572	551	138	459	699	710
904	904	697	417	515	710	632	26	476
1004	1004	405	515	849	348	359	53	742
992	992	567	638	721	170	486	710	53
326	326	524	375	477	894	551	89	97
1112	1112	258	678	459	417	666	802	26
950	950	894	861	479	824	154	515	706
498	498	675	606	638	666	521	440	566
48	48	528	721	905	995	480	223	521
129	129	553	170	957	566	572	566	223
108	108	889	908	462	572	515	796	894
47	47	736	668	572	600	419	894	632
397	397	96	541	606	359	89	521	699
403	403	638	704	170	89	348	706	432
596	596	610	819	417	515	566	572	572
563	563	283	462	366	521	894	348	551
234	234	224	343	566	551	710	476	440
277	277	179	905	359	459	223	632	953
419	419	296	651	442	638	417	551	802
643	643	811	394	777	462	723	432	348
750	750	1026	676	644	419	170	459	459
920	920	156	889	668	632	138	953	796
17	17	645	359	541	905	53	359	816
195	195	625	894	600	644	702	638	657
298	298	819	566	894	169	97	604	604
164	164	996	838	710	721	440	666	746
668	668	172	808	702	432	668	746	638
700	700	700	247	138	480	428	657	359
553	553	680	790	348	746	26	816	264
889	889	459	770	723	553	796	154	553
96	96	99	811	524	442	742	169	451
528	528	273	702	428	604	606	553	169
697	697	323	491	922	657	699	264	462
611	611	170	600	811	706	802	462	453
710	710	509	348	666	777	889	451	666
761	761	646	710	819	366	379	905	905
622	622	541	138	889	178	159	721	312
600	600	668	699	838	312	838	453	721
954	954	688	524	704	953	922	312	154
348	348	1069	179	223	264	524	600	422
506	506	704	922	534	451	719	99	285
701	701	572	996	179	375	824	422	99
940	940	1035	954	908	174	541	174	765
1001	1001	520	869	53	99	557	285	659
822	822	123	436	379	816	811	765	375
527	527	244	723	757	296	179	375	510
517	517	491	224	95	476	95	659	174
795	795	783	95	97	118	534	178	523
855	855	893	700	742	311	921	661	600
350	350	808	428	699	861	601	311	661
1009	1009	118	366	719	164	908	523	178
561	561	164	675	868	408	995	296	311
437	437	169	172	612	283	957	298	61
33	33	195	719	154	659	704	510	298
328	328	298	614	159	394	848	61	296
77	77	551	976	557	453	976	266	540
167	167	17	534	770	486	640	408	266
402	402	869	946	172	661	819	283	520
349	349	433	379	954	298	229	405	405
647	647	792	761	700	765	946	520	283
398	398	178	625	946	436	761	164	408
190	190	981	1067	508	790	713	861	861
510	510	606	301	625	266	479	540	164
285	285	540	114	26	405	114	394	671
141	141	417	557	229	273	614	671	394
8	8	746	742	976	285	281	366	567
422	422	408	602	224	520	301	644	158
357	357	311	666	440	158	700	158	827
265	265	266	223	761	247	954	567	273
252	252	453	442	301	523	224	273	981
89	89	595	772	114	422	172	442	736
659	659	632	159	921	471	849	471	471
471	471	508	96	614	671	625	827	366
411	411	423	509	491	343	465	118	720
593	593	593	229	796	697	798	981	809
632	632	747	874	808	567	32	736	156
311	311	395	777	713	540	288	777	315
417	417	958	506	802	981	477	809	644
869	869	103	1026	675	736	793	156	442
783	783	83	611	874	61	612	315	693
244	244	262	53	602	827	770	720	870
572	572	920	511	281	156	741	693	118
819	819	983	154	601	720	370	244	244
996	996	158	834	511	809	448	247	958
224	224	1067	622	741	315	874	870	247
638	638	693	528	914	676	812	958	715
770	770	312	821	772	244	831	715	777
834	834	629	644	831	693	737	347	63
793	793	521	97	465	958	701	983	347
602	602	908	793	962	581	139	790	983
1043	1043	174	1035	869	510	914	436	747
614	614	657	701	812	17	320	697	423
499	499	661	26	611	651	962	747	447
860	860	315	741	996	715	602	63	487
902	902	411	713	821	672	675	423	475
853	853	451	840	701	983	109	17	833
731	731	264	962	370	688	508	343	697
1105	1105	957	601	32	870	779	833	290
1078	1078	868	465	793	747	617	447	17
144	144	809	921	448	423	611	658	658
642	642	471	440	737	347	491	290	436
648	648	953	914	640	195	177	581	607
426	426	859	624	96	658	868	688	790
633	633	659	831	708	678	930	395	395
161	161	604	812	834	395	938	475	485
455	455	750	940	622	323	559	487	538
380	380	658	708	528	833	821	607	688
692	692	836	1069	139	290	292	676	581
307	307	89	912	624	272	978	538	343
187	187	671	802	288	836	813	672	565
656	656	252	737	177	433	834	195	694
586	586	767	796	652	123	757	836	836
705	705	643	623	509	63	96	694	483
119	119	432	370	506	696	511	565	707
365	365	479	652	798	574	708	485	769
324	324	61	281	940	555	808	433	563
891	891	265	847	109	896	840	563	195
166	166	277	448	840	750	940	750	672
707	707	824	621	930	538	772	555	745
29	29	419	295	559	136	915	707	676
538	538	757	32	813	236	652	896	433
456	456	523	559	938	694	622	745	750
816	816	706	610	292	745	912	234	234
479	479	816	499	295	563	295	651	896
671	671	286	177	1067	234	249	769	555
859	859	234	640	978	297	624	603	603
658	658	456	712	912	707	421	323	427
953	953	563	938	1026	447	965	297	456
957	957	870	139	320	565	936	136	656
315	315	715	930	617	607	986	483	651
629	629	357	669	712	595	528	272	297
521	521	745	952	936	475	712	427	136
983	983	896	288	623	456	810	456	323
958	958	612	853	421	891	829	678	744
746	746	784	936	986	920	794	123	272
981	981	422	109	965	487	144	574	891
433	433	347	527	669	744	242	656	123
118	118	63	813	817	603	795	891	574
509	509	596	292	829	893	851	744	920
610	610	29	1001	242	121	787	920	678
894	894	538	320	952	29	993	748	748
675	675	435	798	810	83	506	696	418
840	840	8	817	492	769	791	236	29
912	912	833	482	795	277	669	121	121
1098	1098	765	978	851	767	996	29	507
634	634	849	497	779	748	492	418	83
872	872	480	872	853	485	817	83	767
907	907	141	795	621	166	509	893	893
373	373	707	965	1035	646	869	767	93
43	43	285	421	527	656	681	93	236
650	650	510	986	993	427	461	277	464
414	414	220	810	1001	473	374	595	945
892	892	209	822	249	411	749	507	411
317	317	477	617	144	256	853	464	513
325	325	132	855	461	783	846	166	278
444	444	136	860	546	680	815	411	277
110	110	166	932	499	859	975	945	696
416	416	290	492	815	418	579	256	256
641	641	744	546	846	252	937	278	166
505	505	694	846	975	629	943	513	859
184	184	121	829	937	645	253	859	595
5	5	476	1098	943	286	261	165	445
181	181	324	242	932	945	556	445	188
280	280	891	851	1050	262	623	262	165
279	279	848	902	915	93	679	163	430
388	388	558	608	1010	258	1067	188	262
260	260	464	517	1069	464	527	430	481
565	565	748	1043	556	474	952	132	163
377	377	92	1010	787	132	1050	252	455
163	163	398	1050	374	792	753	558	132
569	569	297	634	794	278	151	286	67
945	945	190	630	497	163	546	357	357
476	476	445	533	749	558	126	512	558
744	744	555	1038	482	357	350	167	663
63	63	945	144	350	781	932	481	167
745	745	403	461	60	445	1001	306	252
61	61	647	975	847	512	60	784	306
809	809	365	689	579	165	944	455	500
868	868	569	762	872	784	960	67	512
657	657	75	350	610	507	326	680	279
395	395	349	943	539	167	982	279	784
408	408	418	1020	902	306	1010	663	484
808	808	256	556	753	513	902	646	286
491	491	87	985	944	593	621	783	569
1035	1035	377	993	762	483	929	500	65
323	323	163	937	929	75	232	569	709
699	699	565	815	822	279	961	473	680
847	847	119	539	151	103	570	629	75
245	245	306	1034	855	188	797	484	646
472	472	402	753	535	569	171	75	598
364	364	705	944	860	403	577	645	783
86	86	388	929	570	67	1026	258	473
649	649	260	522	960	430	582	709	629
250	250	346	1007	961	455	499	598	115
125	125	397	60	126	663	539	65	258
275	275	167	579	982	360	727	115	645
887	887	280	1005	630	115	469	792	349
130	130	279	478	791	141	762	474	403
369	369	447	749	171	377	801	403	377
662	662	769	960	608	349	731	781	352
300	300	425	794	517	500	535	349	141
487	487	995	961	689	119	855	377	190
743	743	586	490	681	481	872	103	103
663	663	165	570	232	391	826	141	119
607	607	890	535	490	190	860	119	474
278	278	67	731	985	598	955	190	792
895	895	895	1009	253	397	822	352	391
890	890	47	779	261	260	863	593	781
425	425	786	787	731	705	689	391	705
346	346	77	249	727	181	490	705	593
445	445	307	982	533	709	587	181	181
558	558	187	655	655	484	180	397	397
748	748	656	1070	631	265	463	260	260
297	297	328	1002	679	890	985	890	890
290	290	93	907	180	425	304	425	425
477	477	380	151	478	643	631	360	346
833	833	692	1032	1034	352	517	346	654
480	480	278	171	1009	398	630	895	895
784	784	391	374	582	895	814	586	586
896	896	475	806	1007	65	497	654	280
870	870	486	915	634	346	1069	265	360
824	824	607	631	1038	596	655	280	265
432	432	181	126	326	586	866	398	398
661	661	129	597	1002	280	406	161	458
908	908	108	727	522	161	974	743	743
1067	1067	663	582	826	402	608	458	161
1069	1069	455	232	814	91	547	402	495
459	459	5	664	536	743	1009	495	402
976	976	427	180	587	388	806	91	662
1005	1005	485	844	955	365	580	110	426
246	246	518	875	597	110	610	662	91
400	400	743	536	866	458	739	388	110
148	148	184	904	806	8	482	365	365
338	338	599	548	304	87	1035	643	388
431	431	188	326	1020	435	766	426	369
438	438	161	879	801	495	844	87	87
28	28	512	587	1032	501	636	369	187
79	79	505	878	548	662	879	187	330
208	208	91	529	879	654	548	330	643
231	231	430	864	1098	518	1034	501	90
695	695	441	866	844	369	847	596	501
162	162	330	681	797	330	1002	8	562
337	337	115	728	577	187	597	562	68
353	353	641	636	463	692	735	444	444
228	228	487	814	664	380	536	90	8
336	336	300	406	1043	108	728	380	596
886	886	221	826	864	441	589	68	380
888	888	677	589	766	647	1032	186	186
412	412	416	974	739	426	864	692	633
885	885	78	791	974	444	686	633	275
691	691	633	100	406	209	560	108	692
88	88	501	766	636	92	309	518	108
257	257	110	801	589	186	533	435	125
363	363	662	537	469	633	634	275	711
192	192	369	923	728	78	478	125	518
513	513	603	739	1070	220	620	711	353
78	78	444	577	547	275	664	78	435
221	221	352	718	735	677	1007	353	78
677	677	325	304	309	562	576	677	691
330	330	130	309	878	125	100	691	300
91	91	317	547	100	691	722	300	677
599	599	33	463	580	5	98	441	334
391	391	507	679	537	711	714	334	416
475	475	513	1039	904	300	773	416	122
769	769	363	253	875	353	904	122	257
75	75	192	261	98	416	522	5	153
121	121	48	98	863	68	424	257	505
132	132	887	955	686	334	878	505	5
523	523	88	580	529	122	294	113	113
706	706	257	825	576	33	1006	153	441
836	836	598	686	714	90	1038	647	308
451	451	407	576	773	257	854	92	407
312	312	691	797	722	184	825	209	86
158	158	101	773	854	505	537	308	184
508	508	275	735	825	324	799	184	460
217	217	458	928	718	113	987	407	92
157	157	437	854	294	153	926	86	549
291	291	648	968	560	407	875	33	647
263	263	426	469	620	786	529	220	33
293	293	186	755	703	86	1070	549	209
386	386	885	950	919	308	319	460	554
191	191	153	1023	424	328	450	189	189
383	383	592	703	923	599	718	313	443
457	457	125	992	928	307	673	443	313
729	729	892	910	907	248	449	324	71
71	71	443	752	987	313	919	554	887
562	562	149	942	673	443	835	887	220
788	788	888	1013	956	189	956	71	149
884	884	886	987	959	887	959	168	168
387	387	412	714	160	168	160	248	412
113	113	500	722	1013	88	703	687	687
149	149	336	1078	1005	77	839	149	324
101	101	584	919	950	149	1020	412	248
407	407	414	871	839	47	302	457	885
441	441	642	839	755	687	764	885	457
115	115	228	560	951	412	583	884	884
430	430	43	1037	450	192	318	892	892
188	188	113	1045	898	130	923	786	235
518	518	650	980	764	549	898	235	231
786	786	337	160	449	457	830	231	131
165	165	353	1105	942	221	111	270	886
995	995	695	294	941	101	1098	131	888
306	306	711	605	968	885	544	886	270
418	418	162	837	752	129	928	888	489
92	92	495	951	1068	892	173	47	786
555	555	334	941	1006	71	980	328	373
848	848	250	1024	302	884	941	307	47
694	694	649	1041	980	592	488	489	287
765	765	481	673	173	231	493	101	101
849	849	231	620	544	235	494	599	64
347	347	248	898	1023	270	1013	373	307
251	251	208	956	992	162	950	287	328
372	372	387	959	837	554	837	77	48
211	211	122	1112	881	460	1068	88	599
66	66	79	498	488	886	942	192	77
371	371	313	863	493	888	752	130	192
503	503	884	1068	494	489	755	48	238
133	133	270	882	605	48	882	221	88
197	197	68	1022	319	363	913	64	230
222	222	709	774	799	287	951	129	130
276	276	308	1062	774	131	800	592	129
385	385	86	924	926	373	881	162	592
235	235	65	450	913	584	818	238	117
230	230	654	764	818	230	102	230	221
399	399	438	302	830	250	1033	117	162
780	780	28	935	1039	641	1043	376	376
122	122	788	881	882	337	992	250	660
153	153	199	818	835	649	226	73	568
186	186	431	1004	111	387	990	387	73
352	352	780	963	871	325	935	337	250
603	603	71	424	102	317	776	568	387
67	67	562	449	935	414	763	660	788
447	447	729	544	1024	117	774	228	228
256	256	483	173	498	228	35	788	66
464	464	338	1003	583	238	36	584	337
136	136	148	102	1062	73	37	363	409
84	84	457	653	1071	788	968	66	431
55	55	399	488	820	64	820	649	344
203	203	383	493	1022	376	1071	414	584
202	202	484	494	763	28	907	344	729
571	571	230	913	653	648	498	409	414
254	254	189	1073	990	338	653	431	649
127	127	373	820	318	568	807	729	339
22	22	409	835	1033	729	738	338	363
305	305	235	1071	1037	344	963	641	338
168	168	400	319	963	148	605	28	351
709	709	385	1011	1073	409	778	339	385
248	248	364	111	800	336	345	385	148
481	481	246	990	226	775	789	148	28
334	334	240	583	1041	385	1003	351	362
711	711	168	763	924	431	1100	775	641
443	443	305	1006	910	660	175	362	191
592	592	276	665	1011	399	1011	240	240
512	512	287	1033	776	199	665	191	775
485	485	222	609	665	66	871	325	399
486	486	687	525	1003	240	917	399	43
227	227	197	830	1045	43	1005	317	276
104	104	133	799	738	362	1073	43	325
207	207	117	738	175	339	924	276	59
420	420	472	734	35	191	342	336	317
542	542	362	561	36	650	964	392	340
107	107	503	926	37	276	966	648	155
344	344	73	345	1100	351	613	340	392
545	545	90	776	525	695	685	155	336
404	404	22	1025	345	305	1062	59	112
392	392	245	1027	685	392	550	112	371
362	362	489	1100	778	208	1023	305	648
117	117	698	226	964	438	1024	371	305
409	409	191	310	966	340	1055	199	383
189	189	386	933	1112	642	667	383	358
484	484	371	318	807	79	525	358	571
199	199	392	613	613	371	530	650	564
654	654	127	778	1014	383	531	133	199
68	68	382	800	609	112	1014	124	124
270	270	549	1014	734	155	1037	571	133
584	584	404	1036	530	780	1039	382	382
507	507	545	1060	1055	133	916	438	254
9	9	131	685	1060	437	734	254	467
361	361	775	823	342	545	1022	695	57
20	20	66	964	531	382	682	208	466
124	124	344	966	933	59	1031	545	267
64	64	594	175	1078	358	865	564	650
470	470	340	530	550	124	910	467	438
238	238	293	925	1025	254	1060	466	545
340	340	12	967	1027	571	609	267	69
382	382	254	1053	789	698	927	642	695
489	489	263	531	310	222	1041	79	208
240	240	211	900	925	267	740	57	590
500	500	291	877	682	466	310	69	542
501	501	571	682	823	364	877	780	454
427	427	238	807	1012	246	1061	314	452
757	757	27	1061	917	470	933	542	282
284	284	157	969	1061	467	925	246	314
44	44	217	35	877	386	900	590	79
18	18	358	36	526	314	782	454	642
255	255	314	37	1105	542	823	386	386
413	413	202	1055	900	255	1012	437	246
259	259	568	1012	1031	404	526	452	585
145	145	339	342	1004	590	988	585	730
466	466	470	526	967	27	639	282	724
155	155	351	771	740	22	1045	730	255
351	351	554	550	771	12	841	255	12
358	358	155	999	865	730	1030	724	756
12	12	107	841	667	585	496	470	415
594	594	267	1008	561	69	852	12	780
65	65	372	865	969	503	803	27	588
458	458	321	754	1036	454	804	756	27
612	612	730	1031	496	724	690	364	470
335	335	542	979	927	564	771	415	437
176	176	64	496	841	127	561	588	404
34	34	25	1054	916	756	967	698	152
15	15	124	225	988	452	1046	404	22
112	112	725	931	1053	211	977	222	94
59	59	322	988	1030	197	989	22	364
730	730	466	1046	931	57	931	152	372
267	267	756	789	639	400	969	94	15
314	314	251	740	690	282	670	15	698
698	698	376	1084	754	372	1025	372	70
495	495	59	670	1046	415	1027	70	413
93	93	460	1066	999	15	934	82	222
439	439	112	1021	852	594	754	413	145
150	150	152	970	670	152	1112	503	82
216	216	203	971	782	725	1078	145	725
289	289	145	917	1008	472	225	725	503
11	11	660	1030	979	245	785	245	245
467	467	724	927	225	70	979	543	543
756	756	259	690	989	588	1053	127	591
25	25	420	1016	970	94	939	211	147
321	321	413	626	971	82	970	197	127
568	568	590	639	626	413	971	400	25
308	308	255	916	1021	145	1075	591	197
313	313	55	852	977	543	999	25	211
142	142	585	667	934	291	626	147	368
239	239	15	903	1016	321	883	594	400
74	74	543	1047	803	25	1016	472	106
282	282	85	989	804	157	1105	368	239
193	193	34	1097	1054	217	1054	239	4
147	147	84	911	939	591	899	106	38
410	410	20	899	1047	176	911	157	532
6	6	401	716	911	147	873	38	157
543	543	18	934	1097	34	876	532	268
585	585	467	939	1059	107	1036	4	594
725	725	176	994	883	532	1004	291	84
27	27	591	674	873	38	1047	84	472
131	131	207	1059	876	239	716	268	726
549	549	361	880	899	368	1097	321	429
73	73	82	977	903	84	1021	176	120
687	687	44	883	785	263	903	429	176
214	214	415	627	1075	293	856	34	291
331	331	284	782	716	106	857	726	321
271	271	6	803	994	4	858	120	410
51	51	452	804	1084	268	1074	217	34
4	4	410	1063	880	401	1116	410	367
31	31	147	873	674	420	1008	367	74
591	591	70	876	1063	74	637	107	217
401	401	368	1075	856	429	1059	74	107
85	85	193	842	857	284	683	420	142
724	724	94	1040	858	120	909	284	44
775	775	282	1042	1066	726	901	44	237
90	90	74	785	627	410	1090	237	420
287	287	726	1090	1116	85	994	142	150
598	598	104	1051	909	367	674	20	20
194	194	239	514	1090	44	1063	11	11
381	381	200	856	842	20	880	150	284
218	218	38	857	1074	322	842	401	72
329	329	69	858	637	11	991	263	573
213	213	289	984	514	202	843	293	14
2	2	11	1116	984	237	1086	14	263
726	726	454	909	683	142	627	573	384
368	368	227	1080	991	259	984	72	271
70	70	216	683	1040	14	575	271	401
82	82	532	1074	1042	150	768	384	341
322	322	31	768	768	251	616	341	293
554	554	2	1087	843	203	618	85	329
81	81	213	1015	1015	193	619	227	227
446	446	588	637	1051	271	1084	329	18
327	327	4	1077	575	384	1066	18	331
384	384	329	991	1086	227	850	331	85
268	268	51	843	1077	573	1015	322	259
532	532	271	1058	901	18	615	259	6
200	200	57	575	1087	331	1051	203	203
94	94	331	1086	615	6	514	6	322
415	415	268	1044	616	329	1087	202	7
590	590	150	1019	618	341	1117	251	393
660	660	573	615	619	7	845	7	251
339	339	14	998	850	72	1077	393	202
210	210	142	1000	1117	393	947	578	146
390	390	7	628	1058	289	972	193	578
269	269	367	901	516	55	973	146	62
13	13	429	516	519	578	1113	182	182
38	38	384	519	998	51	516	62	193
483	483	120	1117	1000	2	519	51	552
50	50	335	1017	1019	303	1040	2	316
274	274	303	1049	628	200	1042	552	51
62	62	237	845	1044	182	1076	316	2
80	80	219	760	947	146	1058	303	381
215	215	146	972	972	207	1019	381	81
30	30	393	973	973	104	684	81	303
146	146	106	947	845	468	760	58	58
393	393	30	684	1080	62	732	55	31
303	303	218	1029	1029	381	733	468	468
7	7	212	616	1113	31	1029	289	183
573	573	327	618	760	552	628	31	55
40	40	381	619	684	81	1093	200	13
243	243	341	1079	1017	219	998	183	356
212	212	9	1113	732	316	1000	104	269
452	452	215	1095	733	13	867	13	200
152	152	194	1094	1094	216	1044	269	289
39	39	13	717	867	269	1017	356	19
206	206	564	850	1057	58	1094	243	243
201	201	446	732	1076	361	717	19	104
389	389	243	733	1114	183	1057	207	143
19	19	552	1102	1095	10	1088	185	185
552	552	468	1057	717	243	1089	143	504
57	57	439	1081	1049	356	1109	10	389
198	198	269	1082	1109	19	1110	219	10
241	241	182	1083	1110	213	1111	504	207
504	504	80	1088	1111	185	1095	389	219
143	143	10	1089	1088	143	997	216	241
316	316	62	1114	1089	215	1114	361	355
182	182	578	1065	1093	30	1080	241	137
367	367	72	1101	502	80	832	355	216
588	588	316	1107	1102	9	502	80	361
460	460	81	867	997	212	1124	137	9
376	376	143	502	1107	504	1092	9	80
1	1	19	1092	1092	389	751	213	434
185	185	58	1109	751	327	862	30	213
468	468	183	1110	832	335	1102	434	134
219	219	185	1111	1101	241	1049	215	396
237	237	214	997	1124	355	906	212	30
69	69	389	906	906	218	1028	134	215
205	205	356	751	1081	137	1018	335	335
45	45	504	1076	1082	434	1107	396	212
106	106	45	1124	1083	134	805	327	135
454	454	241	828	1079	396	828	135	327
54	54	198	832	1018	135	1106	218	140
137	137	434	1018	862	446	1065	140	218
10	10	40	862	1065	439	1081	45	45
120	120	201	1093	1028	24	1082	24	299
429	429	274	1108	828	45	1083	299	24
299	299	355	1115	805	194	1101	439	439
356	356	390	1096	1115	198	1115	446	1
58	58	205	805	1108	140	1096	194	446
341	341	50	1028	1096	299	1120	1	378
140	140	135	1126	1106	1	1108	198	194
56	56	1	1048	1048	214	1085	378	233
434	434	137	1120	1120	378	1079	233	198
183	183	24	1085	1126	50	1048	50	50
564	564	210	948	1085	40	1126	46	46
128	128	396	949	948	233	948	214	52
46	46	206	1127	949	52	949	40	76
396	396	134	1106	1122	46	1122	52	40
14	14	299	1056	1056	76	1056	76	214
378	378	140	1128	1127	205	918	54	354
72	72	378	635	1091	390	1072	354	54
578	578	56	1122	918	54	897	39	39
3	3	39	1091	1072	201	1127	205	390
116	116	233	918	897	274	1091	390	205
52	52	354	1118	635	354	1064	201	201
332	332	52	1119	1128	210	635	274	274
204	204	21	1099	1099	39	1099	210	332
134	134	116	897	1119	206	1119	206	210
49	49	46	758	1064	332	758	332	206
354	354	54	759	758	128	759	41	41
135	135	128	1123	759	116	1118	21	21
355	355	204	1129	1118	21	1128	128	128
24	24	49	1064	1130	56	1130	116	116
76	76	76	1072	1123	41	1123	56	56
21	21	332	1130	1129	49	1104	49	23
233	233	3	1104	1104	204	1121	23	49
196	196	41	1131	1121	23	1129	204	3
41	41	23	1121	1052	3	1103	3	204
42	42	196	1132	1131	333	1052	333	333
16	16	333	1052	1103	196	1132	42	42
23	23	16	1125	1132	42	1125	196	196
333	333	42	1103	1125	16	1131	16	16
105	105	105	1133	1133	105	1133	105	105
