U
V
bmatchval is $bmatchval
bmatchval is $bmatchval
bmatchval is $bmatchval
bmatchval is $bmatchval
bmatchval is $bmatchval
bmatchval is $bmatchval
bmatchval is $bmatchval
bmatchval is $bmatchval
bmatchval is $bmatchval
[0.93586727 0.95354572 0.95444372 ... 0.95160866 0.9569422  0.94907071]
[[0. 0. 0. ... 0. 0. 0.]
 [0. 0. 0. ... 0. 0. 0.]
 [0. 0. 0. ... 0. 0. 0.]
 ...
 [0. 0. 0. ... 0. 0. 0.]
 [0. 0. 0. ... 0. 0. 0.]
 [0. 0. 0. ... 0. 0. 0.]]
{(57, 930), (1034, 903), (1128, 13), (1018, 141), (1085, 469), (576, 839), (498, 7), (762, 700), (99, 118), (113, 956), (1024, 440), (572, 487), (25, 852), (548, 767), (784, 486), (418, 676), (922, 1103), (800, 1077), (241, 723), (372, 1054), (273, 666), (936, 867), (162, 588), (795, 333), (144, 799), (632, 882), (339, 629), (267, 1126), (810, 251), (1131, 724), (912, 756), (664, 26), (560, 234), (298, 951), (644, 38), (1090, 143), (377, 1015), (1069, 367), (536, 370), (689, 747), (117, 423), (1109, 30), (266, 622), (1017, 14), (1092, 453), (297, 475), (409, 805), (107, 76), (780, 223), (641, 638), (195, 319), (857, 945), (306, 1071), (360, 1051), (709, 311), (985, 313), (1065, 858), (636, 79), (1088, 78), (755, 543), (688, 126), (168, 81), (621, 701), (986, 67), (932, 742), (696, 66), (112, 1098), (712, 419), (918, 286), (342, 895), (376, 470), (908, 879), (815, 1087), (461, 437), (1050, 334), (965, 623), (673, 1003), (600, 134), (883, 831), (978, 147), (640, 1082), (667, 807), (73, 59), (1004, 303), (499, 158), (82, 135), (283, 948), (609, 722), (650, 494), (1016, 304), (106, 757), (752, 133), (465, 1095), (962, 351), (861, 695), (914, 787), (218, 836), (97, 537), (459, 252), (562, 237), (185, 915), (774, 663), (56, 612), (521, 83), (331, 996), (675, 397), (364, 108), (947, 438), (491, 69), (176, 570), (603, 637), (281, 586), (1070, 926), (320, 843), (847, 607), (1107, 823), (788, 292), (691, 1006), (60, 358), (356, 518), (328, 447), (898, 191), (541, 173), (380, 732), (337, 523), (681, 571), (264, 938), (1048, 355), (105, 393), (344, 647), (225, 421), (88, 443), (827, 764), (505, 484), (1043, 159), (192, 271), (315, 979), (420, 278), (275, 287), (392, 1110), (1064, 209), (693, 1047), (928, 446), (456, 865), (525, 407), (379, 1027), (1106, 300), (668, 245), (530, 531), (153, 782), (483, 855), (482, 868), (212, 1044), (89, 626), (1116, 102), (368, 892), (449, 551), (282, 47), (960, 129), (346, 733), (506, 685), (464, 716), (1100, 261), (517, 462), (265, 70), (684, 310), (193, 630), (184, 765), (528, 71), (390, 1022), (91, 219), (17, 935), (316, 813), (239, 1127), (1045, 1111), (656, 1007), (201, 1119), (156, 940), (34, 206), (754, 19), (880, 6), (697, 150), (713, 503), (160, 699), (657, 989), (93, 758), (613, 901), (563, 671), (770, 884), (893, 973), (233, 954), (698, 734), (888, 476), (1120, 444), (803, 279), (9, 535), (305, 924), (580, 198), (873, 213), (1001, 371), (436, 95), (1000, 564), (473, 471), (594, 779), (2, 495), (227, 604), (86, 247), (115, 1037), (1009, 478), (769, 515), (24, 510), (151, 703), (248, 254), (610, 207), (49, 301), (886, 263), (424, 98), (164, 934), (992, 299), (900, 710), (243, 269), (550, 871), (172, 919), (618, 606), (136, 575), (645, 214), (729, 284), (652, 357), (1056, 706), (1073, 121), (1099, 887), (272, 63), (825, 28), (166, 719), (425, 970), (905, 146), (812, 583), (568, 717), (809, 276), (753, 124), (280, 188), (48, 619), (1, 925), (1125, 23), (68, 933), (242, 579), (340, 318), (413, 735), (488, 738), (427, 215), (561, 731), (553, 1114), (971, 77), (1097, 967), (466, 853), (1058, 975), (682, 50), (197, 966), (670, 750), (832, 1059), (441, 509), (384, 402), (952, 841), (504, 574), (727, 759), (128, 332), (325, 190), (178, 180), (1129, 253), (224, 385), (32, 373), (18, 527), (881, 426), (708, 983), (408, 1118), (460, 262), (778, 324), (1124, 687), (100, 1029), (969, 395), (74, 711), (1091, 500), (601, 255), (204, 439), (907, 828), (1112, 690), (980, 678), (721, 149), (707, 403), (274, 1028), (21, 1086), (821, 999), (474, 964), (704, 990), (910, 183), (577, 1038), (840, 222), (1057, 894), (520, 122), (730, 746), (194, 119), (1002, 140), (611, 1063), (680, 516), (777, 705), (103, 751), (401, 692), (490, 791), (58, 627), (1041, 1061), (229, 854), (386, 581), (145, 1031), (41, 174), (776, 205), (256, 309), (830, 343), (211, 1079), (740, 260), (411, 359), (1019, 862), (660, 295), (341, 142), (448, 277), (904, 655), (916, 620), (1021, 157), (1036, 542), (289, 378), (1104, 429), (793, 415), (920, 995), (109, 942), (1102, 743), (1105, 412), (946, 10), (55, 943), (557, 534), (984, 131), (744, 796), (92, 718), (1123, 573), (217, 987), (1094, 366), (739, 556), (43, 605), (1033, 508), (1113, 388), (1008, 433), (210, 35), (715, 189), (648, 953), (961, 614), (538, 669), (624, 354), (116, 549), (949, 230), (891, 963), (257, 417), (819, 148), (634, 511), (877, 238), (336, 826), (544, 864), (467, 501), (432, 781), (1117, 982), (442, 435), (833, 567), (250, 94), (683, 381), (104, 714), (760, 363), (52, 20), (27, 988), (468, 182), (1042, 597), (179, 317), (400, 959), (1115, 29), (578, 53), (834, 406), (240, 997), (322, 231), (434, 45), (72, 775), (291, 661), (1074, 414), (897, 62), (514, 846), (633, 519), (643, 84), (1025, 485), (590, 566), (602, 806), (529, 327), (593, 595), (1122, 957), (792, 804), (1032, 911), (863, 199), (80, 1083), (768, 1130), (353, 851), (154, 1078), (617, 323), (941, 783), (584, 235), (736, 512), (808, 101), (186, 1030), (662, 950), (513, 202), (33, 1035), (489, 659), (994, 246), (1080, 587), (137, 463), (837, 694), (361, 347), (872, 5), (1084, 422), (849, 12), (169, 15), (569, 906), (866, 455), (450, 1053), (672, 599), (96, 314), (221, 565), (171, 326), (772, 39), (382, 927), (1068, 1093), (16, 797), (130, 163), (552, 44), (65, 838), (394, 748), (555, 46), (329, 228), (674, 909), (540, 829), (786, 85), (1108, 374), (296, 972), (874, 445), (896, 860), (477, 391), (931, 589), (330, 1132), (249, 878), (1040, 352), (993, 658), (646, 294), (396, 268), (596, 958), (816, 216), (285, 598), (869, 991), (3, 876), (929, 111), (968, 457), (824, 165), (944, 1012), (290, 789), (8, 582), (725, 726), (554, 844), (817, 818), (288, 981), (616, 1075), (974, 127), (480, 913), (232, 811), (200, 1026), (348, 1013), (1005, 398), (481, 203), (369, 389), (187, 31), (1049, 1060), (132, 998), (497, 175), (75, 702), (545, 889), (416, 110), (170, 454), (236, 1055), (890, 533), (312, 794), (64, 36), (977, 430), (608, 307), (649, 308), (628, 532), (856, 387), (539, 302), (720, 615), (1066, 1023), (654, 270), (771, 428), (635, 37), (114, 405), (451, 365), (802, 123), (321, 902), (1101, 181), (362, 763), (138, 399), (0, 923), (939, 524), (820, 167), (1096, 1014), (258, 845), (761, 1020), (155, 591), (1072, 522), (651, 349), (875, 404), (350, 766), (976, 801), (472, 383), (90, 955), (848, 899), (1089, 458), (785, 452), (859, 917), (546, 835), (1046, 87), (814, 375), (1081, 639), (120, 870), (585, 790), (42, 798), (642, 686), (1011, 22), (338, 558), (220, 822), (496, 61), (139, 559), (40, 208), (665, 507), (842, 51), (921, 631), (161, 1010), (741, 502), (226, 749), (625, 745), (1067, 196), (152, 125), (410, 1076), (592, 1062), (259, 773), (345, 547), (1121, 679), (937, 431), (493, 293), (4, 492), (526, 479), (885, 677), (737, 653), (850, 54), (728, 177), (1039, 335), (11, 1052)}
[(57, 930), (1034, 903), (1128, 13), (1018, 141), (1085, 469), (576, 839), (498, 7), (762, 700), (99, 118), (113, 956), (1024, 440), (572, 487), (25, 852), (548, 767), (784, 486), (418, 676), (922, 1103), (800, 1077), (241, 723), (372, 1054), (273, 666), (936, 867), (162, 588), (795, 333), (144, 799), (632, 882), (339, 629), (267, 1126), (810, 251), (1131, 724), (912, 756), (664, 26), (560, 234), (298, 951), (644, 38), (1090, 143), (377, 1015), (1069, 367), (536, 370), (689, 747), (117, 423), (1109, 30), (266, 622), (1017, 14), (1092, 453), (297, 475), (409, 805), (107, 76), (780, 223), (641, 638), (195, 319), (857, 945), (306, 1071), (360, 1051), (709, 311), (985, 313), (1065, 858), (636, 79), (1088, 78), (755, 543), (688, 126), (168, 81), (621, 701), (986, 67), (932, 742), (696, 66), (112, 1098), (712, 419), (918, 286), (342, 895), (376, 470), (908, 879), (815, 1087), (461, 437), (1050, 334), (965, 623), (673, 1003), (600, 134), (883, 831), (978, 147), (640, 1082), (667, 807), (73, 59), (1004, 303), (499, 158), (82, 135), (283, 948), (609, 722), (650, 494), (1016, 304), (106, 757), (752, 133), (465, 1095), (962, 351), (861, 695), (914, 787), (218, 836), (97, 537), (459, 252), (562, 237), (185, 915), (774, 663), (56, 612), (521, 83), (331, 996), (675, 397), (364, 108), (947, 438), (491, 69), (176, 570), (603, 637), (281, 586), (1070, 926), (320, 843), (847, 607), (1107, 823), (788, 292), (691, 1006), (60, 358), (356, 518), (328, 447), (898, 191), (541, 173), (380, 732), (337, 523), (681, 571), (264, 938), (1048, 355), (105, 393), (344, 647), (225, 421), (88, 443), (827, 764), (505, 484), (1043, 159), (192, 271), (315, 979), (420, 278), (275, 287), (392, 1110), (1064, 209), (693, 1047), (928, 446), (456, 865), (525, 407), (379, 1027), (1106, 300), (668, 245), (530, 531), (153, 782), (483, 855), (482, 868), (212, 1044), (89, 626), (1116, 102), (368, 892), (449, 551), (282, 47), (960, 129), (346, 733), (506, 685), (464, 716), (1100, 261), (517, 462), (265, 70), (684, 310), (193, 630), (184, 765), (528, 71), (390, 1022), (91, 219), (17, 935), (316, 813), (239, 1127), (1045, 1111), (656, 1007), (201, 1119), (156, 940), (34, 206), (754, 19), (880, 6), (697, 150), (713, 503), (160, 699), (657, 989), (93, 758), (613, 901), (563, 671), (770, 884), (893, 973), (233, 954), (698, 734), (888, 476), (1120, 444), (803, 279), (9, 535), (305, 924), (580, 198), (873, 213), (1001, 371), (436, 95), (1000, 564), (473, 471), (594, 779), (2, 495), (227, 604), (86, 247), (115, 1037), (1009, 478), (769, 515), (24, 510), (151, 703), (248, 254), (610, 207), (49, 301), (886, 263), (424, 98), (164, 934), (992, 299), (900, 710), (243, 269), (550, 871), (172, 919), (618, 606), (136, 575), (645, 214), (729, 284), (652, 357), (1056, 706), (1073, 121), (1099, 887), (272, 63), (825, 28), (166, 719), (425, 970), (905, 146), (812, 583), (568, 717), (809, 276), (753, 124), (280, 188), (48, 619), (1, 925), (1125, 23), (68, 933), (242, 579), (340, 318), (413, 735), (488, 738), (427, 215), (561, 731), (553, 1114), (971, 77), (1097, 967), (466, 853), (1058, 975), (682, 50), (197, 966), (670, 750), (832, 1059), (441, 509), (384, 402), (952, 841), (504, 574), (727, 759), (128, 332), (325, 190), (178, 180), (1129, 253), (224, 385), (32, 373), (18, 527), (881, 426), (708, 983), (408, 1118), (460, 262), (778, 324), (1124, 687), (100, 1029), (969, 395), (74, 711), (1091, 500), (601, 255), (204, 439), (907, 828), (1112, 690), (980, 678), (721, 149), (707, 403), (274, 1028), (21, 1086), (821, 999), (474, 964), (704, 990), (910, 183), (577, 1038), (840, 222), (1057, 894), (520, 122), (730, 746), (194, 119), (1002, 140), (611, 1063), (680, 516), (777, 705), (103, 751), (401, 692), (490, 791), (58, 627), (1041, 1061), (229, 854), (386, 581), (145, 1031), (41, 174), (776, 205), (256, 309), (830, 343), (211, 1079), (740, 260), (411, 359), (1019, 862), (660, 295), (341, 142), (448, 277), (904, 655), (916, 620), (1021, 157), (1036, 542), (289, 378), (1104, 429), (793, 415), (920, 995), (109, 942), (1102, 743), (1105, 412), (946, 10), (55, 943), (557, 534), (984, 131), (744, 796), (92, 718), (1123, 573), (217, 987), (1094, 366), (739, 556), (43, 605), (1033, 508), (1113, 388), (1008, 433), (210, 35), (715, 189), (648, 953), (961, 614), (538, 669), (624, 354), (116, 549), (949, 230), (891, 963), (257, 417), (819, 148), (634, 511), (877, 238), (336, 826), (544, 864), (467, 501), (432, 781), (1117, 982), (442, 435), (833, 567), (250, 94), (683, 381), (104, 714), (760, 363), (52, 20), (27, 988), (468, 182), (1042, 597), (179, 317), (400, 959), (1115, 29), (578, 53), (834, 406), (240, 997), (322, 231), (434, 45), (72, 775), (291, 661), (1074, 414), (897, 62), (514, 846), (633, 519), (643, 84), (1025, 485), (590, 566), (602, 806), (529, 327), (593, 595), (1122, 957), (792, 804), (1032, 911), (863, 199), (80, 1083), (768, 1130), (353, 851), (154, 1078), (617, 323), (941, 783), (584, 235), (736, 512), (808, 101), (186, 1030), (662, 950), (513, 202), (33, 1035), (489, 659), (994, 246), (1080, 587), (137, 463), (837, 694), (361, 347), (872, 5), (1084, 422), (849, 12), (169, 15), (569, 906), (866, 455), (450, 1053), (672, 599), (96, 314), (221, 565), (171, 326), (772, 39), (382, 927), (1068, 1093), (16, 797), (130, 163), (552, 44), (65, 838), (394, 748), (555, 46), (329, 228), (674, 909), (540, 829), (786, 85), (1108, 374), (296, 972), (874, 445), (896, 860), (477, 391), (931, 589), (330, 1132), (249, 878), (1040, 352), (993, 658), (646, 294), (396, 268), (596, 958), (816, 216), (285, 598), (869, 991), (3, 876), (929, 111), (968, 457), (824, 165), (944, 1012), (290, 789), (8, 582), (725, 726), (554, 844), (817, 818), (288, 981), (616, 1075), (974, 127), (480, 913), (232, 811), (200, 1026), (348, 1013), (1005, 398), (481, 203), (369, 389), (187, 31), (1049, 1060), (132, 998), (497, 175), (75, 702), (545, 889), (416, 110), (170, 454), (236, 1055), (890, 533), (312, 794), (64, 36), (977, 430), (608, 307), (649, 308), (628, 532), (856, 387), (539, 302), (720, 615), (1066, 1023), (654, 270), (771, 428), (635, 37), (114, 405), (451, 365), (802, 123), (321, 902), (1101, 181), (362, 763), (138, 399), (0, 923), (939, 524), (820, 167), (1096, 1014), (258, 845), (761, 1020), (155, 591), (1072, 522), (651, 349), (875, 404), (350, 766), (976, 801), (472, 383), (90, 955), (848, 899), (1089, 458), (785, 452), (859, 917), (546, 835), (1046, 87), (814, 375), (1081, 639), (120, 870), (585, 790), (42, 798), (642, 686), (1011, 22), (338, 558), (220, 822), (496, 61), (139, 559), (40, 208), (665, 507), (842, 51), (921, 631), (161, 1010), (741, 502), (226, 749), (625, 745), (1067, 196), (152, 125), (410, 1076), (592, 1062), (259, 773), (345, 547), (1121, 679), (937, 431), (493, 293), (4, 492), (526, 479), (885, 677), (737, 653), (850, 54), (728, 177), (1039, 335), (11, 1052)]
({(57, 930), (1034, 903), (1128, 13), (1018, 141), (1085, 469), (576, 839), (498, 7), (762, 700), (99, 118), (113, 956), (1024, 440), (572, 487), (25, 852), (548, 767), (784, 486), (418, 676), (922, 1103), (800, 1077), (241, 723), (372, 1054), (273, 666), (936, 867), (162, 588), (795, 333), (144, 799), (632, 882), (339, 629), (267, 1126), (810, 251), (1131, 724), (912, 756), (664, 26), (560, 234), (298, 951), (644, 38), (1090, 143), (377, 1015), (1069, 367), (536, 370), (689, 747), (117, 423), (1109, 30), (266, 622), (1017, 14), (1092, 453), (297, 475), (409, 805), (107, 76), (780, 223), (641, 638), (195, 319), (857, 945), (306, 1071), (360, 1051), (709, 311), (985, 313), (1065, 858), (636, 79), (1088, 78), (755, 543), (688, 126), (168, 81), (621, 701), (986, 67), (932, 742), (696, 66), (112, 1098), (712, 419), (918, 286), (342, 895), (376, 470), (908, 879), (815, 1087), (461, 437), (1050, 334), (965, 623), (673, 1003), (600, 134), (883, 831), (978, 147), (640, 1082), (667, 807), (73, 59), (1004, 303), (499, 158), (82, 135), (283, 948), (609, 722), (650, 494), (1016, 304), (106, 757), (752, 133), (465, 1095), (962, 351), (861, 695), (914, 787), (218, 836), (97, 537), (459, 252), (562, 237), (185, 915), (774, 663), (56, 612), (521, 83), (331, 996), (675, 397), (364, 108), (947, 438), (491, 69), (176, 570), (603, 637), (281, 586), (1070, 926), (320, 843), (847, 607), (1107, 823), (788, 292), (691, 1006), (60, 358), (356, 518), (328, 447), (898, 191), (541, 173), (380, 732), (337, 523), (681, 571), (264, 938), (1048, 355), (105, 393), (344, 647), (225, 421), (88, 443), (827, 764), (505, 484), (1043, 159), (192, 271), (315, 979), (420, 278), (275, 287), (392, 1110), (1064, 209), (693, 1047), (928, 446), (456, 865), (525, 407), (379, 1027), (1106, 300), (668, 245), (530, 531), (153, 782), (483, 855), (482, 868), (212, 1044), (89, 626), (1116, 102), (368, 892), (449, 551), (282, 47), (960, 129), (346, 733), (506, 685), (464, 716), (1100, 261), (517, 462), (265, 70), (684, 310), (193, 630), (184, 765), (528, 71), (390, 1022), (91, 219), (17, 935), (316, 813), (239, 1127), (1045, 1111), (656, 1007), (201, 1119), (156, 940), (34, 206), (754, 19), (880, 6), (697, 150), (713, 503), (160, 699), (657, 989), (93, 758), (613, 901), (563, 671), (770, 884), (893, 973), (233, 954), (698, 734), (888, 476), (1120, 444), (803, 279), (9, 535), (305, 924), (580, 198), (873, 213), (1001, 371), (436, 95), (1000, 564), (473, 471), (594, 779), (2, 495), (227, 604), (86, 247), (115, 1037), (1009, 478), (769, 515), (24, 510), (151, 703), (248, 254), (610, 207), (49, 301), (886, 263), (424, 98), (164, 934), (992, 299), (900, 710), (243, 269), (550, 871), (172, 919), (618, 606), (136, 575), (645, 214), (729, 284), (652, 357), (1056, 706), (1073, 121), (1099, 887), (272, 63), (825, 28), (166, 719), (425, 970), (905, 146), (812, 583), (568, 717), (809, 276), (753, 124), (280, 188), (48, 619), (1, 925), (1125, 23), (68, 933), (242, 579), (340, 318), (413, 735), (488, 738), (427, 215), (561, 731), (553, 1114), (971, 77), (1097, 967), (466, 853), (1058, 975), (682, 50), (197, 966), (670, 750), (832, 1059), (441, 509), (384, 402), (952, 841), (504, 574), (727, 759), (128, 332), (325, 190), (178, 180), (1129, 253), (224, 385), (32, 373), (18, 527), (881, 426), (708, 983), (408, 1118), (460, 262), (778, 324), (1124, 687), (100, 1029), (969, 395), (74, 711), (1091, 500), (601, 255), (204, 439), (907, 828), (1112, 690), (980, 678), (721, 149), (707, 403), (274, 1028), (21, 1086), (821, 999), (474, 964), (704, 990), (910, 183), (577, 1038), (840, 222), (1057, 894), (520, 122), (730, 746), (194, 119), (1002, 140), (611, 1063), (680, 516), (777, 705), (103, 751), (401, 692), (490, 791), (58, 627), (1041, 1061), (229, 854), (386, 581), (145, 1031), (41, 174), (776, 205), (256, 309), (830, 343), (211, 1079), (740, 260), (411, 359), (1019, 862), (660, 295), (341, 142), (448, 277), (904, 655), (916, 620), (1021, 157), (1036, 542), (289, 378), (1104, 429), (793, 415), (920, 995), (109, 942), (1102, 743), (1105, 412), (946, 10), (55, 943), (557, 534), (984, 131), (744, 796), (92, 718), (1123, 573), (217, 987), (1094, 366), (739, 556), (43, 605), (1033, 508), (1113, 388), (1008, 433), (210, 35), (715, 189), (648, 953), (961, 614), (538, 669), (624, 354), (116, 549), (949, 230), (891, 963), (257, 417), (819, 148), (634, 511), (877, 238), (336, 826), (544, 864), (467, 501), (432, 781), (1117, 982), (442, 435), (833, 567), (250, 94), (683, 381), (104, 714), (760, 363), (52, 20), (27, 988), (468, 182), (1042, 597), (179, 317), (400, 959), (1115, 29), (578, 53), (834, 406), (240, 997), (322, 231), (434, 45), (72, 775), (291, 661), (1074, 414), (897, 62), (514, 846), (633, 519), (643, 84), (1025, 485), (590, 566), (602, 806), (529, 327), (593, 595), (1122, 957), (792, 804), (1032, 911), (863, 199), (80, 1083), (768, 1130), (353, 851), (154, 1078), (617, 323), (941, 783), (584, 235), (736, 512), (808, 101), (186, 1030), (662, 950), (513, 202), (33, 1035), (489, 659), (994, 246), (1080, 587), (137, 463), (837, 694), (361, 347), (872, 5), (1084, 422), (849, 12), (169, 15), (569, 906), (866, 455), (450, 1053), (672, 599), (96, 314), (221, 565), (171, 326), (772, 39), (382, 927), (1068, 1093), (16, 797), (130, 163), (552, 44), (65, 838), (394, 748), (555, 46), (329, 228), (674, 909), (540, 829), (786, 85), (1108, 374), (296, 972), (874, 445), (896, 860), (477, 391), (931, 589), (330, 1132), (249, 878), (1040, 352), (993, 658), (646, 294), (396, 268), (596, 958), (816, 216), (285, 598), (869, 991), (3, 876), (929, 111), (968, 457), (824, 165), (944, 1012), (290, 789), (8, 582), (725, 726), (554, 844), (817, 818), (288, 981), (616, 1075), (974, 127), (480, 913), (232, 811), (200, 1026), (348, 1013), (1005, 398), (481, 203), (369, 389), (187, 31), (1049, 1060), (132, 998), (497, 175), (75, 702), (545, 889), (416, 110), (170, 454), (236, 1055), (890, 533), (312, 794), (64, 36), (977, 430), (608, 307), (649, 308), (628, 532), (856, 387), (539, 302), (720, 615), (1066, 1023), (654, 270), (771, 428), (635, 37), (114, 405), (451, 365), (802, 123), (321, 902), (1101, 181), (362, 763), (138, 399), (0, 923), (939, 524), (820, 167), (1096, 1014), (258, 845), (761, 1020), (155, 591), (1072, 522), (651, 349), (875, 404), (350, 766), (976, 801), (472, 383), (90, 955), (848, 899), (1089, 458), (785, 452), (859, 917), (546, 835), (1046, 87), (814, 375), (1081, 639), (120, 870), (585, 790), (42, 798), (642, 686), (1011, 22), (338, 558), (220, 822), (496, 61), (139, 559), (40, 208), (665, 507), (842, 51), (921, 631), (161, 1010), (741, 502), (226, 749), (625, 745), (1067, 196), (152, 125), (410, 1076), (592, 1062), (259, 773), (345, 547), (1121, 679), (937, 431), (493, 293), (4, 492), (526, 479), (885, 677), (737, 653), (850, 54), (728, 177), (1039, 335), (11, 1052)}, 20.50044130626655, 0)
1133
566
[[0 1 1 ... 0 0 0]
 [1 0 1 ... 0 0 0]
 [1 1 0 ... 0 0 0]
 ...
 [0 0 0 ... 0 0 0]
 [0 0 0 ... 0 0 0]
 [0 0 0 ... 0 0 1]]
